4.7309E-23
1.2307E-21
5.6895E-21
1.5662E-19
1.1946E-18
4.5436E-18
1.8452E-17
3.5360E-17
7.2670E-16
2.4856E-15
8.0142E-15
4.2613E-14
1.3684E-13
8.3823E-13
2.7367E-12
1.0903E-11
6.2337E-11
1.7162E-10
5.6265E-10
2.0749E-09
6.0168E-09
1.3783E-08
3.5052E-08
1.0913E-07
2.6830E-07
4.2685E-07
8.6466E-07
2.2707E-06
4.1744E-06
6.5911E-06
1.2290E-05
2.7826E-05
4.7904E-05
7.1345E-05
9.6800E-05
1.8608E-04
2.8988E-04
3.5789E-04
4.9211E-04
8.6068E-04
1.0205E-03
1.2450E-03
1.9300E-03
2.6914E-03
2.9209E-03
4.2840E-03
7.0945E-03
8.9795E-03
9.4701E-03
1.1953E-02
1.6463E-02
1.8719E-02
1.8577E-02
2.1108E-02
2.7849E-02
3.5635E-02
3.7837E-02
4.1430E-02
4.0534E-02
4.3306E-02
5.0939E-02
6.5540E-02
8.2922E-02
8.4080E-02
9.3376E-02
9.8984E-02
1.0733E-01
1.0757E-01
1.1969E-01
1.3060E-01
1.3625E-01
1.1838E-01
1.2348E-01
1.5036E-01
1.7158E-01
1.8245E-01
1.7594E-01
1.8591E-01
2.0470E-01
1.9589E-01
2.0527E-01
2.4525E-01
2.5024E-01
2.3843E-01
2.2203E-01
2.1709E-01
2.1226E-01
2.4861E-01
2.7537E-01
2.8321E-01
2.7894E-01
3.2436E-01
3.8120E-01
4.0722E-01
3.9806E-01
3.8465E-01
3.5116E-01
3.7164E-01
4.2235E-01
4.6878E-01
4.7139E-01
4.2800E-01
4.0262E-01
4.1806E-01
4.3623E-01
4.3919E-01
4.2944E-01
4.0724E-01
4.1497E-01
4.4509E-01
4.6388E-01
4.5313E-01
4.1519E-01
3.8214E-01
3.7380E-01
4.0051E-01
4.3411E-01
4.5527E-01
4.6355E-01
4.7446E-01
5.0180E-01
5.0071E-01
4.7139E-01
4.6935E-01
4.8934E-01
5.0767E-01
5.1489E-01
4.8609E-01
4.1843E-01
4.0307E-01
4.5898E-01
4.8932E-01
4.7778E-01
4.8657E-01
4.9404E-01
4.7674E-01
4.7511E-01
4.8336E-01
4.6564E-01
4.7805E-01
5.2798E-01
5.6741E-01
5.5172E-01
5.3022E-01
5.1791E-01
4.8962E-01
5.2040E-01
5.7228E-01
6.0498E-01
6.1156E-01
6.1140E-01
5.9028E-01
5.5387E-01
5.1942E-01
4.5673E-01
4.6215E-01
4.3006E-01
3.9926E-01
4.6953E-01
5.6549E-01
5.9817E-01
5.6531E-01
5.2024E-01
5.0956E-01
5.3420E-01
5.8510E-01
6.0191E-01
5.8541E-01
6.0628E-01
6.0058E-01
6.2359E-01
6.8628E-01
7.3532E-01
7.3658E-01
7.2285E-01
7.0914E-01
6.6759E-01
6.6310E-01
6.9315E-01
7.4469E-01
7.5507E-01
6.8261E-01
6.9338E-01
7.2051E-01
6.7444E-01
6.4253E-01
6.1886E-01
5.5786E-01
5.5640E-01
5.5227E-01
5.8930E-01
6.5162E-01
6.7480E-01
6.6390E-01
7.1225E-01
7.9455E-01
8.5595E-01
8.3418E-01
7.4389E-01
6.6683E-01
7.0077E-01
7.5075E-01
7.6383E-01
6.8837E-01
5.8678E-01
5.0762E-01
4.5499E-01
4.4049E-01
5.0968E-01
6.1359E-01
6.7355E-01
6.4363E-01
6.2100E-01
6.4570E-01
6.5147E-01
6.4204E-01
6.3582E-01
6.3136E-01
6.8543E-01
7.5970E-01
7.9699E-01
8.0371E-01
8.5138E-01
8.6344E-01
7.9493E-01
6.6257E-01
4.7975E-01
3.8152E-01
4.9567E-01
6.8385E-01
8.0772E-01
8.6038E-01
7.5655E-01
5.5017E-01
4.2619E-01
6.2945E-01
8.5249E-01
1.0069E+00
1.0693E+00
1.1021E+00
1.1141E+00
1.1603E+00
1.2061E+00
1.1613E+00
1.1801E+00
1.1511E+00
1.1227E+00
1.1026E+00
1.1514E+00
1.2299E+00
1.0485E+00
1.1738E+00
1.2478E+00
1.1971E+00
1.1842E+00
1.2258E+00
1.2624E+00
1.2312E+00
1.1777E+00
1.2258E+00
1.1232E+00
1.2757E+00
1.2583E+00
1.2184E+00
1.2117E+00
1.2488E+00
1.2135E+00
1.1724E+00
1.1839E+00
1.0963E+00
8.7462E-01
7.9394E-01
1.3207E+00
1.2288E+00
1.1352E+00
1.2452E+00
1.3659E+00
1.3943E+00
1.2238E+00
1.1775E+00
1.3499E+00
1.3313E+00
1.4250E+00
1.4453E+00
1.4084E+00
1.4619E+00
1.3108E+00
1.4903E+00
1.5081E+00
1.5045E+00
1.5595E+00
1.6173E+00
1.5482E+00
1.4297E+00
1.5335E+00
1.5224E+00
1.5724E+00
1.5854E+00
1.5514E+00
1.5391E+00
1.5291E+00
1.5827E+00
1.5975E+00
1.6031E+00
1.5544E+00
1.5350E+00
1.5673E+00
1.4973E+00
1.5619E+00
1.5682E+00
1.5077E+00
1.5331E+00
1.6126E+00
1.5499E+00
1.5671E+00
1.6185E+00
1.5631E+00
1.5724E+00
1.6230E+00
1.5916E+00
1.6181E+00
1.6177E+00
1.6236E+00
1.6038E+00
1.5734E+00
1.5683E+00
1.2716E+00
1.4241E+00
1.5413E+00
1.4519E+00
1.6224E+00
1.5595E+00
1.4869E+00
1.5903E+00
1.5525E+00
1.6485E+00
1.5676E+00
1.5944E+00
1.5509E+00
1.5507E+00
1.5451E+00
1.4978E+00
1.4966E+00
1.5653E+00
1.4587E+00
1.5635E+00
1.6264E+00
1.5560E+00
1.5165E+00
1.5893E+00
1.5481E+00
1.5769E+00
1.6186E+00
1.5206E+00
1.4885E+00
1.5314E+00
1.5455E+00
1.2594E+00
1.4403E+00
1.3957E+00
1.5236E+00
1.5346E+00
1.5690E+00
1.4789E+00
1.5905E+00
1.5781E+00
1.5341E+00
1.3417E+00
1.5357E+00
1.6071E+00
1.5446E+00
1.6292E+00
1.5998E+00
1.4286E+00
1.5302E+00
1.5535E+00
1.6199E+00
1.4989E+00
1.5738E+00
1.5352E+00
1.4825E+00
1.4251E+00
1.5511E+00
1.5256E+00
1.5792E+00
1.5435E+00
1.5291E+00
1.5490E+00
1.5049E+00
1.5520E+00
1.5399E+00
1.5382E+00
1.5697E+00
1.5250E+00
1.5549E+00
1.5634E+00
1.5366E+00
1.4988E+00
1.5310E+00
1.4483E+00
1.4740E+00
1.5595E+00
1.4847E+00
1.5408E+00
1.5106E+00
1.5201E+00
1.4374E+00
1.5320E+00
1.5180E+00
1.4807E+00
1.4816E+00
1.4331E+00
1.5134E+00
1.5198E+00
1.5119E+00
1.4777E+00
1.4654E+00
1.5023E+00
1.4560E+00
1.4770E+00
1.5020E+00
1.5089E+00
1.5320E+00
1.5479E+00
1.5448E+00
1.5324E+00
1.4953E+00
1.5281E+00
1.4934E+00
1.2894E+00
1.3709E+00
1.4662E+00
1.4354E+00
1.4561E+00
1.4491E+00
1.4308E+00
1.4745E+00
1.4788E+00
1.4607E+00
1.4606E+00
1.4753E+00
1.4579E+00
1.4360E+00
1.4664E+00
1.4921E+00
1.4895E+00
1.4822E+00
1.4911E+00
1.4862E+00
1.4749E+00
1.4686E+00
1.4611E+00
1.4831E+00
1.4621E+00
1.4176E+00
1.4697E+00
1.4310E+00
1.4128E+00
1.4664E+00
1.4733E+00
1.4739E+00
1.4802E+00
1.4269E+00
1.4165E+00
1.4118E+00
1.4026E+00
1.4012E+00
1.4417E+00
1.3631E+00
1.4114E+00
1.3924E+00
1.4161E+00
1.3638E+00
1.4508E+00
1.4284E+00
1.4458E+00
1.4128E+00
1.4610E+00
1.4707E+00
1.4646E+00
1.4340E+00
1.4348E+00
1.4376E+00
1.4525E+00
1.4462E+00
1.4567E+00
1.4150E+00
1.4086E+00
1.3952E+00
1.3519E+00
1.3594E+00
1.4447E+00
1.3871E+00
1.4311E+00
1.4153E+00
1.3499E+00
1.1851E+00
1.2393E+00
1.3855E+00
1.3905E+00
1.3992E+00
1.3933E+00
1.3819E+00
1.3844E+00
1.3967E+00
1.4214E+00
1.4203E+00
1.4102E+00
1.4150E+00
1.4394E+00
1.4196E+00
1.4169E+00
1.3972E+00
1.4094E+00
1.4074E+00
1.3958E+00
1.4120E+00
1.3991E+00
1.4066E+00
1.3947E+00
1.3969E+00
1.3915E+00
1.3981E+00
1.3830E+00
1.3739E+00
1.3748E+00
1.3438E+00
9.6824E-01
1.1206E+00
1.1278E+00
1.1821E+00
1.2333E+00
1.2689E+00
1.2609E+00
1.2464E+00
1.2714E+00
1.2684E+00
1.3403E+00
1.3192E+00
1.2918E+00
1.2823E+00
1.2659E+00
1.2674E+00
1.2747E+00
1.3078E+00
1.3214E+00
1.3144E+00
1.3090E+00
1.3048E+00
1.3095E+00
1.3175E+00
1.3155E+00
1.3071E+00
1.2918E+00
1.3029E+00
1.2587E+00
1.2716E+00
1.1071E+00
1.0296E+00
9.2318E-01
9.8550E-01
1.0861E+00
1.2407E+00
1.1444E+00
1.0555E+00
1.0380E+00
1.0813E+00
1.0850E+00
1.0400E+00
1.0466E+00
1.1285E+00
1.0703E+00
1.1534E+00
1.1962E+00
1.2357E+00
1.2178E+00
1.2059E+00
1.2039E+00
1.2269E+00
1.1905E+00
1.2195E+00
1.2148E+00
1.2153E+00
1.2405E+00
1.2503E+00
1.2497E+00
1.2470E+00
1.2477E+00
1.2401E+00
1.2357E+00
1.2341E+00
1.2286E+00
1.2330E+00
1.2266E+00
1.2420E+00
1.2383E+00
1.2232E+00
1.2221E+00
1.2295E+00
1.1945E+00
2.6604E-01
1.5396E-01
6.8766E-01
3.7952E-01
5.3878E-01
6.8601E-01
8.1461E-01
9.7417E-01
1.1138E+00
1.1278E+00
1.1608E+00
1.1686E+00
1.1778E+00
1.1771E+00
1.1771E+00
1.1771E+00
1.1798E+00
1.1727E+00
1.1713E+00
1.1765E+00
1.1636E+00
1.1607E+00
1.1662E+00
1.1614E+00
1.1536E+00
1.1586E+00
1.1592E+00
1.1450E+00
1.1305E+00
1.1257E+00
1.0910E+00
1.1058E+00
1.0953E+00
1.0875E+00
1.0972E+00
1.0932E+00
1.0742E+00
1.0913E+00
1.1121E+00
1.0905E+00
1.0725E+00
1.0843E+00
1.0856E+00
1.0657E+00
1.0782E+00
1.0545E+00
1.0974E+00
1.0859E+00
1.0821E+00
1.0548E+00
1.0559E+00
1.0533E+00
1.0268E+00
1.0086E+00
9.0356E-01
8.9523E-01
8.3216E-01
8.5183E-01
8.2259E-01
9.0519E-01
8.6188E-01
9.9764E-01
9.5157E-01
6.7271E-01
9.3506E-01
9.6935E-01
9.3381E-01
9.8465E-01
8.4979E-01
9.2930E-01
9.1601E-01
9.2392E-01
8.9426E-01
9.5650E-01
9.3412E-01
1.0032E+00
9.7234E-01
1.0092E+00
9.9901E-01
1.0013E+00
1.0157E+00
1.0101E+00
9.9703E-01
1.0053E+00
9.8631E-01
1.0165E+00
1.0187E+00
9.9170E-01
9.9217E-01
9.8596E-01
8.9372E-01
9.7493E-01
9.6927E-01
9.6486E-01
8.5112E-01
9.1300E-01
9.7317E-01
9.9166E-01
9.9196E-01
9.9171E-01
9.8816E-01
9.8679E-01
9.9449E-01
1.0005E+00
9.7916E-01
9.6324E-01
8.4900E-01
9.1546E-01
9.5920E-01
9.4956E-01
9.6755E-01
9.5387E-01
9.6686E-01
9.5721E-01
9.4042E-01
9.2687E-01
9.5277E-01
9.5615E-01
9.5237E-01
9.3656E-01
9.3957E-01
9.0861E-01
9.3245E-01
9.2927E-01
9.3305E-01
9.4423E-01
9.0752E-01
9.1062E-01
9.2228E-01
9.3455E-01
9.2393E-01
9.2584E-01
9.0881E-01
8.7327E-01
8.5130E-01
8.1357E-01
7.6253E-01
6.6566E-01
7.1780E-01
5.4871E-01
7.4260E-01
5.9933E-01
6.6791E-01
6.8889E-01
8.4457E-01
8.1709E-01
7.7558E-01
6.3854E-01
6.5217E-01
7.0431E-01
6.2467E-01
6.6808E-01
6.8893E-01
6.2834E-01
6.2649E-01
6.7836E-01
5.7646E-01
7.3017E-01
5.9271E-01
7.3877E-01
7.4414E-01
7.8049E-01
7.0026E-01
7.4504E-01
7.2150E-01
7.1110E-01
7.0331E-01
7.8742E-01
5.8968E-01
5.5127E-01
4.3210E-01
4.0921E-01
3.0086E-01
2.4841E-01
1.4380E-01
2.5084E-01
1.6142E-01
1.6338E-01
2.0058E-01
3.9887E-01
4.7181E-01
3.7195E-01
4.0532E-01
2.7834E-01
2.8579E-01
3.6821E-01
1.9461E-01
3.7112E-01
2.7423E-01
4.9396E-01
1.4726E-01
4.8378E-01
2.6891E-01
3.4362E-01
4.2411E-01
3.4117E-01
3.2821E-01
2.7067E-01
4.6101E-01
3.7385E-01
4.2066E-01
4.6120E-01
4.4174E-01
5.0503E-01
4.5860E-01
5.0374E-01
5.0275E-01
5.0240E-01
6.5210E-01
6.8622E-01
6.3461E-01
7.1397E-01
6.8765E-01
6.0648E-01
5.7529E-01
5.8987E-01
5.7191E-01
6.3864E-01
6.1509E-01
6.3815E-01
6.0468E-01
7.1338E-01
6.9218E-01
6.6865E-01
7.3732E-01
6.8817E-01
7.5083E-01
7.3928E-01
7.3462E-01
7.4906E-01
7.3227E-01
7.5358E-01
7.5102E-01
7.3728E-01
7.5410E-01
7.5176E-01
7.4884E-01
7.3971E-01
7.3887E-01
7.3857E-01
7.3532E-01
7.4442E-01
7.2805E-01
7.3442E-01
7.2336E-01
6.8174E-01
7.1252E-01
7.2753E-01
7.2685E-01
7.1972E-01
7.1914E-01
7.2278E-01
7.1877E-01
7.1761E-01
7.2068E-01
7.0817E-01
7.1129E-01
7.0337E-01
7.1422E-01
6.8878E-01
6.9896E-01
7.0175E-01
6.8970E-01
6.9508E-01
6.9058E-01
6.9753E-01
6.9636E-01
6.9305E-01
6.9385E-01
6.8628E-01
6.9055E-01
6.8736E-01
6.8787E-01
6.7613E-01
6.8015E-01
6.8234E-01
6.8202E-01
6.7497E-01
6.7172E-01
6.7636E-01
6.7170E-01
6.7176E-01
6.7200E-01
6.6525E-01
6.6833E-01
6.6452E-01
6.4714E-01
6.5694E-01
6.6274E-01
6.5896E-01
6.5463E-01
6.5521E-01
6.5118E-01
6.4919E-01
6.4646E-01
6.4847E-01
6.4641E-01
6.4482E-01
6.3818E-01
6.1875E-01
6.3585E-01
6.2121E-01
6.3266E-01
6.2239E-01
6.3196E-01
6.2913E-01
6.1713E-01
6.2032E-01
6.1944E-01
5.8626E-01
6.0469E-01
6.1661E-01
6.1536E-01
6.0363E-01
6.2158E-01
5.9252E-01
6.1471E-01
6.0434E-01
6.0321E-01
6.0474E-01
5.9722E-01
5.8083E-01
5.8940E-01
5.9814E-01
5.7852E-01
5.9330E-01
5.5410E-01
5.6697E-01
5.9317E-01
5.7919E-01
5.5573E-01
5.8835E-01
5.8124E-01
5.1058E-01
5.3965E-01
5.2067E-01
5.0323E-01
5.7852E-01
5.0291E-01
5.0772E-01
4.8577E-01
4.9696E-01
4.6883E-01
4.6637E-01
4.6765E-01
5.0644E-01
3.9792E-01
4.8304E-01
4.1565E-01
4.1278E-01
4.7899E-01
3.3154E-01
4.1357E-01
2.6850E-01
2.9985E-01
2.4987E-01
2.0136E-01
7.9618E-02
2.1753E-01
1.1317E-01
1.4189E-01
1.8586E-01
8.1686E-02
1.2817E-01
1.0870E-01
1.4428E-01
5.1589E-02
1.5725E-01
9.9224E-02
1.0591E-01
7.0574E-02
2.9560E-01
2.3411E-01
1.5331E-01
4.1740E-02
1.5462E-02
1.2876E-01
2.8785E-01
2.0329E-01
2.9850E-01
2.5599E-01
1.9337E-01
2.2479E-01
3.1183E-01
1.1326E-01
1.4604E-01
1.5764E-01
5.9176E-02
2.7113E-01
2.1854E-01
1.2164E-01
2.0340E-01
2.4762E-01
2.3812E-01
1.4248E-01
3.1316E-01
2.8090E-01
3.1458E-01
3.1171E-01
3.3693E-01
2.8648E-01
3.4753E-01
3.5002E-01
4.6857E-01
4.0188E-01
3.8860E-01
3.7494E-01
4.0996E-01
4.1954E-01
4.2310E-01
4.5873E-01
4.4831E-01
4.5483E-01
4.5642E-01
3.3692E-01
4.5240E-01
4.7679E-01
4.7235E-01
3.6000E-01
4.8371E-01
4.4069E-01
4.5514E-01
3.2318E-01
4.3870E-01
4.1985E-01
4.0741E-01
4.7715E-01
4.5575E-01
3.3504E-01
4.1569E-01
4.6239E-01
4.4660E-01
4.7336E-01
4.5434E-01
4.6890E-01
4.4696E-01
4.3131E-01
4.7715E-01
4.3392E-01
3.6489E-01
4.4825E-01
4.3708E-01
4.3717E-01
4.3409E-01
3.6247E-01
4.3692E-01
4.8086E-01
4.2986E-01
4.3346E-01
4.1428E-01
4.5336E-01
4.2232E-01
4.2489E-01
4.6956E-01
4.3407E-01
4.2780E-01
4.6640E-01
4.5528E-01
4.5934E-01
4.4663E-01
4.5805E-01
4.6531E-01
4.5139E-01
4.4406E-01
4.4808E-01
4.6236E-01
4.6819E-01
4.3304E-01
4.6658E-01
4.6721E-01
4.6003E-01
4.7203E-01
4.6633E-01
4.5397E-01
4.7016E-01
4.6504E-01
4.6908E-01
4.6339E-01
4.6797E-01
4.6272E-01
4.6077E-01
4.6197E-01
4.6247E-01
4.5754E-01
4.5528E-01
4.5655E-01
4.5945E-01
4.5746E-01
4.5860E-01
4.5966E-01
4.5705E-01
4.5258E-01
4.5097E-01
4.4773E-01
4.4363E-01
4.5070E-01
4.4023E-01
4.3532E-01
4.4496E-01
4.2725E-01
4.3110E-01
4.1146E-01
3.9567E-01
4.0019E-01
3.7148E-01
3.9570E-01
3.8527E-01
3.8822E-01
3.7051E-01
2.4652E-01
3.8744E-01
4.0825E-01
4.0879E-01
4.0625E-01
4.0614E-01
4.1233E-01
4.1693E-01
4.2001E-01
4.2763E-01
4.2456E-01
4.2204E-01
4.1335E-01
3.7305E-01
4.0733E-01
4.2078E-01
4.2399E-01
4.2714E-01
4.2213E-01
4.1989E-01
4.0936E-01
4.1285E-01
4.1786E-01
3.9618E-01
4.1257E-01
4.0421E-01
4.0514E-01
3.8957E-01
3.7130E-01
3.9183E-01
4.0852E-01
3.5312E-01
3.6228E-01
3.9181E-01
3.4621E-01
3.0062E-01
3.8382E-01
3.8453E-01
3.0594E-01
3.4696E-01
3.8413E-01
3.0114E-01
3.3366E-01
3.3337E-01
3.1352E-01
2.8833E-01
2.8581E-01
3.2419E-01
3.1217E-01
3.3328E-01
2.6855E-01
2.5872E-01
2.9866E-01
3.0217E-01
2.3279E-01
2.6249E-01
3.2224E-01
2.8051E-01
2.6625E-01
2.3450E-01
1.7759E-01
2.2923E-01
1.4480E-01
1.4579E-01
2.0304E-01
1.6925E-01
2.3117E-01
1.8348E-01
1.6454E-01
1.7804E-01
1.7681E-01
1.6831E-01
1.7039E-01
1.7798E-01
1.2711E-01
7.5645E-02
1.0904E-01
5.8186E-02
6.0119E-02
4.7451E-03
1.6159E-02
1.6025E-02
4.6298E-03
1.5164E-03
9.6096E-05
2.9009E-04
3.6034E-06
4.8070E-05
7.1786E-05
4.1948E-06
7.3439E-07
2.1404E-06
4.8133E-09
1.8076E-11
3.1563E-06
1.3589E-06
9.0764E-12
1.2791E-05
4.9764E-06
1.4810E-13
5.1667E-07
2.9200E-07
1.9731E-08
2.7498E-06
4.4401E-05
1.7917E-04
3.2332E-04
2.5748E-04
1.2270E-04
1.1089E-03
5.2164E-05
8.1587E-05
2.3716E-06
2.5672E-06
4.4017E-08
6.1689E-07
2.0899E-06
2.5215E-06
1.9896E-04
4.0262E-06
5.8098E-04
4.9328E-04
3.4384E-04
2.3782E-05
1.1586E-04
7.5526E-05
6.7136E-07
6.3215E-09
4.9057E-05
1.2704E-03
8.1226E-04
3.2466E-09
1.0528E-08
1.8353E-03
2.3800E-03
7.3892E-04
3.6444E-07
2.0448E-03
1.7457E-04
1.6493E-03
6.1919E-04
4.6653E-04
2.1142E-03
2.6396E-03
2.3353E-02
3.6378E-04
1.8366E-04
3.5565E-02
1.1759E-02
1.3559E-02
2.1442E-03
8.2718E-03
9.1637E-03
4.6314E-02
9.2198E-03
1.6975E-02
2.5850E-02
2.7792E-02
4.9546E-02
4.5588E-03
3.8020E-02
6.1601E-02
5.0156E-02
2.5194E-03
3.5834E-02
2.0962E-02
2.1416E-02
3.8351E-02
2.9880E-02
1.3263E-02
5.1039E-02
3.9601E-02
3.1800E-02
3.6317E-02
4.5063E-02
6.1791E-02
4.9751E-02
2.3095E-02
3.6215E-02
1.1569E-01
1.0213E-01
2.7412E-02
1.1271E-02
6.2361E-02
8.1978E-02
1.3759E-01
6.6150E-02
8.8509E-02
1.1700E-01
1.3643E-01
1.6307E-01
8.5421E-02
9.0276E-02
1.3060E-01
4.3225E-02
1.5184E-01
9.3383E-02
6.5197E-02
3.6054E-02
7.6942E-02
9.4845E-02
4.9678E-02
1.7848E-02
4.6771E-02
7.0198E-02
9.7339E-02
1.8463E-01
6.8778E-02
6.9736E-02
6.3480E-02
1.2001E-01
6.0637E-02
1.1529E-01
5.8490E-02
1.4859E-01
1.3747E-01
1.2503E-01
1.2340E-01
6.0629E-02
9.4180E-02
1.8973E-01
1.7478E-01
1.9778E-01
1.6441E-01
1.8157E-01
2.0367E-01
1.8253E-01
1.6852E-01
2.2850E-01
1.8968E-01
2.1759E-01
2.5061E-01
2.6552E-01
2.3356E-01
1.8493E-01
1.6029E-01
1.8402E-01
2.5773E-01
2.5514E-01
2.4302E-01
1.8690E-01
2.7052E-01
2.6474E-01
2.6068E-01
2.4239E-01
2.2571E-01
2.6573E-01
2.5683E-01
2.4929E-01
2.5211E-01
2.4437E-01
2.6450E-01
2.7505E-01
2.6378E-01
2.8004E-01
2.7539E-01
2.5884E-01
2.6745E-01
2.6220E-01
2.7928E-01
2.7244E-01
2.5522E-01
2.6973E-01
2.7839E-01
2.7714E-01
2.6892E-01
2.6686E-01
2.7464E-01
2.7336E-01
2.7202E-01
2.7295E-01
2.6491E-01
2.6904E-01
2.6927E-01
2.7208E-01
2.7210E-01
2.7705E-01
2.7481E-01
2.7309E-01
2.6675E-01
2.7342E-01
2.6990E-01
2.7058E-01
2.7182E-01
2.7132E-01
2.6474E-01
2.6759E-01
2.6310E-01
2.7062E-01
2.6848E-01
2.6808E-01
2.6568E-01
2.7002E-01
2.6756E-01
2.6667E-01
2.6264E-01
2.6728E-01
2.6245E-01
2.6308E-01
2.5722E-01
2.5452E-01
2.4175E-01
2.3507E-01
2.3775E-01
2.3407E-01
2.4145E-01
2.3974E-01
2.4678E-01
2.1602E-01
2.3516E-01
2.3672E-01
2.4464E-01
2.4870E-01
2.4195E-01
2.4755E-01
2.4904E-01
2.5874E-01
2.5569E-01
2.5303E-01
2.5107E-01
2.3233E-01
2.4179E-01
2.4197E-01
2.5225E-01
2.5833E-01
2.5624E-01
2.5823E-01
2.4452E-01
2.4692E-01
2.5421E-01
2.4202E-01
2.3810E-01
2.2323E-01
2.2413E-01
2.2397E-01
2.2842E-01
2.3683E-01
2.4140E-01
2.3296E-01
2.2990E-01
2.2727E-01
2.1760E-01
2.2680E-01
2.3076E-01
2.3719E-01
2.3838E-01
2.4104E-01
2.3050E-01
2.3465E-01
2.4352E-01
2.4100E-01
2.3449E-01
2.3430E-01
2.3754E-01
2.4246E-01
2.4269E-01
2.3782E-01
2.3971E-01
2.4078E-01
2.4126E-01
2.4137E-01
2.3651E-01
2.3806E-01
2.3821E-01
2.3267E-01
2.3282E-01
2.3367E-01
2.3539E-01
2.2700E-01
2.2007E-01
2.2026E-01
2.1511E-01
2.1960E-01
2.2082E-01
2.1535E-01
2.2355E-01
2.1822E-01
2.1749E-01
2.2768E-01
2.1655E-01
2.1867E-01
2.2526E-01
2.0855E-01
2.2373E-01
2.2277E-01
2.1583E-01
2.2231E-01
2.2101E-01
2.2223E-01
2.2487E-01
2.2120E-01
2.2332E-01
2.2384E-01
2.1908E-01
2.2235E-01
2.2098E-01
2.1178E-01
1.7884E-01
2.1068E-01
2.1459E-01
2.1516E-01
2.2168E-01
2.1879E-01
2.1147E-01
2.1629E-01
2.1575E-01
2.1360E-01
2.1145E-01
2.1229E-01
2.0915E-01
2.1303E-01
2.0558E-01
1.9447E-01
2.0366E-01
2.0906E-01
1.9797E-01
2.1321E-01
2.1026E-01
2.0484E-01
2.1013E-01
2.0718E-01
2.0523E-01
1.9303E-01
2.0708E-01
2.1134E-01
2.0477E-01
2.0968E-01
2.0922E-01
1.8107E-01
2.0739E-01
2.0551E-01
1.9975E-01
2.0396E-01
1.9778E-01
1.8790E-01
1.8965E-01
1.8698E-01
1.7808E-01
1.7407E-01
1.6154E-01
1.6818E-01
1.5481E-01
1.6566E-01
1.5301E-01
1.5998E-01
1.3284E-01
1.4172E-01
1.1484E-01
1.0050E-01
7.6981E-02
8.8904E-02
4.6931E-02
3.1828E-02
1.4815E-02
9.6911E-03
3.2816E-03
9.8755E-04
1.2744E-03
5.2041E-06
6.4190E-06
6.2703E-08
6.2658E-06
2.9993E-06
2.8396E-07
1.1151E-05
1.6982E-05
2.6662E-10
4.5130E-10
7.7505E-05
4.3890E-05
2.2333E-04
1.2947E-04
8.6221E-07
5.6667E-07
2.3045E-05
1.9947E-05
4.5069E-04
9.3615E-04
5.5242E-04
3.5935E-03
3.2821E-03
1.0863E-02
1.6727E-02
1.0036E-02
2.1906E-02
2.8563E-02
4.8847E-02
6.7857E-02
7.5512E-02
8.3063E-02
8.5613E-02
8.1190E-02
3.8156E-02
1.5001E-02
3.9748E-02
2.6648E-02
4.4981E-02
7.4010E-02
8.4856E-02
9.6386E-02
8.9781E-02
9.1074E-02
6.7927E-02
5.4906E-02
6.9193E-02
6.1875E-02
6.5676E-02
7.7443E-02
8.6812E-02
8.5102E-02
8.9100E-02
8.9747E-02
8.6133E-02
9.3153E-02
8.9654E-02
9.1673E-02
8.7588E-02
8.8632E-02
8.9774E-02
9.0044E-02
9.0767E-02
8.9486E-02
8.4639E-02
8.4840E-02
8.4170E-02
7.6310E-02
8.1996E-02
8.0448E-02
8.1808E-02
7.4550E-02
7.9068E-02
7.8992E-02
7.1202E-02
7.4010E-02
7.9315E-02
7.6273E-02
7.7730E-02
7.5453E-02
7.5773E-02
7.4299E-02
7.3118E-02
7.0838E-02
7.1937E-02
6.7690E-02
6.6929E-02
6.8137E-02
6.4867E-02
6.4021E-02
6.6288E-02
6.3080E-02
6.3220E-02
6.1265E-02
5.8824E-02
5.9171E-02
6.3870E-02
5.8141E-02
5.2031E-02
5.6215E-02
5.6824E-02
5.7967E-02
4.5836E-02
5.1400E-02
4.1536E-02
4.7473E-02
5.0237E-02
4.9409E-02
3.0817E-02
4.4147E-02
4.2552E-02
3.0826E-02
3.7109E-02
4.0594E-02
4.4150E-02
3.3599E-02
3.3813E-02
2.7300E-02
2.6590E-02
3.3078E-02
4.5099E-02
1.4878E-02
4.3249E-02
2.0798E-02
1.3611E-02
2.4853E-02
3.3363E-02
2.4148E-02
1.6727E-02
1.6455E-02
8.0395E-03
5.6102E-03
3.5113E-03
2.8772E-03
7.0642E-03
1.5191E-03
2.2163E-03
5.1880E-04
3.7054E-04
4.1393E-05
6.3593E-07
1.7502E-07
3.7716E-07
5.3758E-11
2.8222E-13
1.0435E-09
3.1020E-11
1.5955E-14
1.5258E-18
1.0786E-27
3.8214E-22
1.7194E-34
5.4793E-31
2.2838E-33
4.4912E-28
5.8053E-35
5.9447E-34
1.1196E-37
5.6505E-29
3.8687E-28
2.8026E-45
3.9027E-16
1.1750E-16
8.9988E-19
1.4295E-19
1.3133E-27
2.6068E-25
1.1123E-37
0.0000E+00
0.0000E+00
0.0000E+00
0.0000E+00
1.0226E-29
7.1284E-33
0.0000E+00
2.9315E-42
1.1250E-35
3.8557E-26
5.6052E-45
7.2935E-22
6.0734E-19
5.4888E-21
2.3314E-27
1.3146E-23
1.6648E-28
6.7262E-44
0.0000E+00
2.6777E-27
8.3791E-24
3.9990E-38
4.8067E-34
3.8866E-27
1.2170E-16
3.6205E-16
1.6484E-12
6.7478E-14
4.0233E-10
2.8685E-10
2.0548E-11
1.7605E-07
3.9008E-06
2.1276E-10
1.9609E-07
4.0575E-05
1.1566E-06
4.4867E-07
2.5356E-05
1.6763E-04
6.3129E-06
3.9170E-04
2.4724E-04
4.5332E-04
1.8623E-04
2.6643E-03
8.1152E-04
1.1096E-04
2.7220E-03
1.2581E-03
2.8948E-03
1.0835E-03
5.8858E-03
6.4903E-03
1.6273E-03
1.4489E-03
5.2276E-03
2.3361E-03
4.5971E-03
7.4379E-03
3.5233E-04
8.5429E-04
1.3381E-03
6.9628E-03
1.0280E-02
4.2755E-03
7.8472E-03
2.8906E-03
6.8479E-03
5.5551E-03
6.3369E-04
7.5031E-03
6.0753E-03
2.4986E-03
2.0242E-03
4.2090E-03
1.0321E-03
2.8947E-04
6.3012E-03
2.9113E-03
1.7492E-03
6.0221E-03
3.6224E-03
1.7671E-03
2.3805E-03
6.5510E-04
4.4010E-03
9.2155E-04
8.4569E-04
2.2677E-03
9.8197E-03
3.0289E-03
5.7614E-03
1.1446E-02
3.3241E-03
3.2517E-03
6.6744E-03
5.6366E-03
9.2320E-03
1.4017E-02
1.2516E-02
9.2302E-03
1.0621E-02
8.0823E-03
4.2388E-03
2.6927E-03
4.3843E-04
3.0973E-04
1.3634E-04
4.9752E-04
1.6089E-03
1.9875E-04
3.4080E-04
7.2940E-03
3.7464E-03
7.3409E-04
2.6067E-03
9.9378E-03
1.2248E-03
2.4465E-03
1.2186E-03
5.9265E-03
2.8644E-03
1.1128E-02
8.7571E-03
1.2234E-03
1.7794E-03
3.9416E-03
3.9235E-03
1.6133E-05
5.9987E-05
3.5187E-03
4.6616E-03
9.0694E-03
3.4602E-03
3.5408E-03
8.0277E-03
3.6308E-03
5.2402E-03
7.1907E-03
3.9389E-03
8.4560E-03
5.1115E-03
7.4896E-03
9.8552E-03
9.5465E-03
1.2509E-02
4.4594E-03
7.0802E-03
7.2774E-03
1.3165E-02
1.0006E-02
8.6892E-03
1.1553E-02
8.0348E-03
1.1318E-02
1.1153E-02
8.3089E-03
1.2530E-02
9.8179E-03
1.2264E-02
1.0943E-02
1.1224E-02
1.2094E-02
1.0419E-02
1.2265E-02
1.1917E-02
1.1809E-02
1.1963E-02
1.1494E-02
1.2122E-02
1.1428E-02
1.1127E-02
9.4556E-03
9.0310E-03
9.5432E-03
1.0538E-02
9.0581E-03
1.0795E-02
1.0851E-02
8.3376E-03
8.6444E-03
1.0187E-02
9.1671E-03
9.4523E-03
9.6700E-03
1.0262E-02
1.0359E-02
9.4787E-03
9.4726E-03
1.1614E-02
1.0239E-02
9.9550E-03
1.0299E-02
1.1480E-02
1.0599E-02
1.0123E-02
1.0978E-02
1.0914E-02
1.0253E-02
7.9003E-03
4.8286E-03
8.3312E-03
9.4380E-03
9.6922E-03
1.0132E-02
1.0878E-02
1.0770E-02
9.3640E-03
9.2254E-03
1.0376E-02
1.0698E-02
9.2707E-03
8.5837E-03
8.8494E-03
1.0331E-02
9.2903E-03
8.9918E-03
8.8633E-03
8.5502E-03
9.1243E-03
9.0521E-03
9.5746E-03
8.8123E-03
7.7564E-03
8.8692E-03
9.8592E-03
9.3049E-03
8.2451E-03
7.7569E-03
9.6550E-03
9.5056E-03
9.5925E-03
7.6916E-03
8.9756E-03
8.7801E-03
8.8274E-03
8.5085E-03
7.9940E-03
8.0989E-03
7.3604E-03
6.7620E-03
6.5340E-03
6.7717E-03
6.8818E-03
7.4760E-03
7.9254E-03
7.9269E-03
7.1353E-03
6.9868E-03
6.9466E-03
6.8520E-03
7.0502E-03
7.3541E-03
7.4027E-03
7.5412E-03
7.6277E-03
7.7199E-03
7.7482E-03
7.8057E-03
7.6806E-03
7.5097E-03
7.3872E-03
7.4327E-03
7.3723E-03
7.2100E-03
7.1043E-03
